0,273
0,270
156,35
10,21
10,229
10,132
10,25
10,17
10,99
11,28
11,26
8,6
8,15
8,7
8,11
153,7
153,6
153,5
153,4
153,3
153,2
153,1
153,0
148,4
148,3
148,2
148,1
148,0
146,3
146,2
146,1
146,0
145,3
145,2
145,1
145,0
144,3
144,2
144,1
144,0
143,3
143,2
143,1
143,0
142,3
142,2
142,1
142,0
20,3
20,2
20,1
19,3
19,2
19,1
12,3
12,2
12,1
11,29
11,22
11,20
11,14
11,11
11,6
11,4
11,3
11,2
11,1
10,306
10,284
10,251
10,236
10,222
18,1
10,219
18,3
10,215
10,203
10,160
10,66
10,3
10,2
14,1
10,1
14,3
9,7
9,5
13,1
9,3
13,3
9,2
9,1
8,18
8,17
8,13
8,10
8,9
8,8
8,4
8,3
8,2
8,1
3,3
3,2
3,1
2,2
2,3
2,1
0,472
0,386
0,278
0,243
